value
68.16
47.86
8.66
0.35
63.9
18.07
83.16
12.14
30.24
63.57
9.67
38.97
61.99
7.1
26.45
7.28
16.74
72.98
20.22
38.04
68.84
0.56
72.52
19.22
5.5
78.27
24.62
2.46
36.74
15.9
72.35
70.76
75.08
27.21
78.16
1.14
89.33
80.73
73.12
61.87
12.44
72.84
6.44
11.56
41.67
25.3
38.65
9.97
44.71
92.52
74.43
70.02
39.04
34
92.49
33.72
34.99
27.26
73.26
28.41
94.45
23.33
30.75
62.95
32.56
64
43.51
39.29
11.96
13.83
48.52
55.22
80.79
3.15
99.79
69.76
62.93
79.32
67.52
38.44
83.28
62.77
6.3
38.33
65.27
20.3
27.47
84.24
8.68
80.14
87
32.59
49.1
17.15
75.22
59.4
8.39
55.29
42.85
26.69
59.92
36.19
26.45
37.78
28.5
72.01
60.33
16.42
47.03
44.87
81.01
14.66
78.12
33.4
84.47
26.96
79.35
56.19
92.34
50.3
10.8
23.25
45.15
87.37
38.78
15.21
18.52
3.48
72.83
60.16
64.47
17.72
80.45
85.85
77.14
68.18
83.28
7.86
56.85
58.32
7.86
72.78
76.69
41.2
56.59
29.54
77.96
15.29
39.5
68.39
46.14
72.21
87.76
73.52
37.16
15.64
16.14
77.03
57.25
8.21
22.63
1.48
84.18
96.35
33.59
19.25
17.24
52.74
7.67
92.11
36.42
99.81
92.8
17.54
41.53
19.58
66.12
86.48
56.94
39.83
1.18
37.63
22.32
75.51
54.67
11.38
65.58
26.28
27.19
36.22
64.28
51.35
75.09
91.38
85.95
1.25
94.9
43.2
88.05
59.29
58.25
70.69
99.4
58.07
12.42
90.79
91.36
51.92
54.39
31.42
57.9
89.14
24.81
28.92
5.1
16.68
77.49
60.15
43.08
56.59
75.5
35.65
41.25
83.41
63.95
33.2
58.55
7.53
1.31
96.3
5.71
72.06
